Damier : 6 lignes, 3 colonnes
Iteration 0
*** LEAE - long : 1
  2  1  4
  8  5  3
  6  #  7
 11  9 10
 14 12 13
 17 15 16
f=g+h=0+9=9
Fin iteration 0

Iteration 1
*** LEAE - long : 4
EST
  2  1  4
  8  5  3
  6  7  #
 11  9 10
 14 12 13
 17 15 16
f=g+h=1+10=11
SUD
  2  1  4
  8  5  3
  6  9  7
 11  # 10
 14 12 13
 17 15 16
f=g+h=1+8=9
OUEST
  2  1  4
  8  5  3
  #  6  7
 11  9 10
 14 12 13
 17 15 16
f=g+h=1+9=10
NORD
  2  1  4
  8  #  3
  6  5  7
 11  9 10
 14 12 13
 17 15 16
f=g+h=1+9=10
Fin iteration 1

Iteration 2
*** LEAE - long : 6
EST
  2  1  4
  8  5  3
  6  9  7
 11 10  #
 14 12 13
 17 15 16
f=g+h=2+9=11
SUD
  2  1  4
  8  5  3
  6  9  7
 11 12 10
 14  # 13
 17 15 16
f=g+h=2+7=9
OUEST
  2  1  4
  8  5  3
  6  9  7
  # 11 10
 14 12 13
 17 15 16
f=g+h=2+9=11
EST
  2  1  4
  8  5  3
  6  7  #
 11  9 10
 14 12 13
 17 15 16
f=g+h=1+10=11
OUEST
  2  1  4
  8  5  3
  #  6  7
 11  9 10
 14 12 13
 17 15 16
f=g+h=1+9=10
NORD
  2  1  4
  8  #  3
  6  5  7
 11  9 10
 14 12 13
 17 15 16
f=g+h=1+9=10
Fin iteration 2

Iteration 3
*** LEAE - long : 8
EST
  2  1  4
  8  5  3
  6  9  7
 11 12 10
 14 13  #
 17 15 16
f=g+h=3+8=11
SUD
  2  1  4
  8  5  3
  6  9  7
 11 12 10
 14 15 13
 17  # 16
f=g+h=3+6=9
OUEST
  2  1  4
  8  5  3
  6  9  7
 11 12 10
  # 14 13
 17 15 16
f=g+h=3+8=11
EST
  2  1  4
  8  5  3
  6  9  7
 11 10  #
 14 12 13
 17 15 16
f=g+h=2+9=11
OUEST
  2  1  4
  8  5  3
  6  9  7
  # 11 10
 14 12 13
 17 15 16
f=g+h=2+9=11
EST
  2  1  4
  8  5  3
  6  7  #
 11  9 10
 14 12 13
 17 15 16
f=g+h=1+10=11
OUEST
  2  1  4
  8  5  3
  #  6  7
 11  9 10
 14 12 13
 17 15 16
f=g+h=1+9=10
NORD
  2  1  4
  8  #  3
  6  5  7
 11  9 10
 14 12 13
 17 15 16
f=g+h=1+9=10
Fin iteration 3

Iteration 4
*** LEAE - long : 9
EST
  2  1  4
  8  5  3
  6  9  7
 11 12 10
 14 15 13
 17 16  #
f=g+h=4+7=11
OUEST
  2  1  4
  8  5  3
  6  9  7
 11 12 10
 14 15 13
  # 17 16
f=g+h=4+7=11
EST
  2  1  4
  8  5  3
  6  9  7
 11 12 10
 14 13  #
 17 15 16
f=g+h=3+8=11
OUEST
  2  1  4
  8  5  3
  6  9  7
 11 12 10
  # 14 13
 17 15 16
f=g+h=3+8=11
EST
  2  1  4
  8  5  3
  6  9  7
 11 10  #
 14 12 13
 17 15 16
f=g+h=2+9=11
OUEST
  2  1  4
  8  5  3
  6  9  7
  # 11 10
 14 12 13
 17 15 16
f=g+h=2+9=11
EST
  2  1  4
  8  5  3
  6  7  #
 11  9 10
 14 12 13
 17 15 16
f=g+h=1+10=11
OUEST
  2  1  4
  8  5  3
  #  6  7
 11  9 10
 14 12 13
 17 15 16
f=g+h=1+9=10
NORD
  2  1  4
  8  #  3
  6  5  7
 11  9 10
 14 12 13
 17 15 16
f=g+h=1+9=10
Fin iteration 4

Iteration 5
*** LEAE - long : 11
SUD
  2  1  4
  8  5  3
 11  6  7
  #  9 10
 14 12 13
 17 15 16
f=g+h=2+10=12
OUEST
  2  1  4
  8  5  3
  7  6  #
 11  9 10
 14 12 13
 17 15 16
f=g+h=2+10=12
NORD
  2  1  4
  #  5  3
  8  6  7
 11  9 10
 14 12 13
 17 15 16
f=g+h=2+8=10
EST
  2  1  4
  8  5  3
  6  9  7
 11 12 10
 14 15 13
 17 16  #
f=g+h=4+7=11
OUEST
  2  1  4
  8  5  3
  6  9  7
 11 12 10
 14 15 13
  # 17 16
f=g+h=4+7=11
EST
  2  1  4
  8  5  3
  6  9  7
 11 12 10
 14 13  #
 17 15 16
f=g+h=3+8=11
OUEST
  2  1  4
  8  5  3
  6  9  7
 11 12 10
  # 14 13
 17 15 16
f=g+h=3+8=11
EST
  2  1  4
  8  5  3
  6  9  7
 11 10  #
 14 12 13
 17 15 16
f=g+h=2+9=11
OUEST
  2  1  4
  8  5  3
  6  9  7
  # 11 10
 14 12 13
 17 15 16
f=g+h=2+9=11
EST
  2  1  4
  8  5  3
  6  7  #
 11  9 10
 14 12 13
 17 15 16
f=g+h=1+10=11
NORD
  2  1  4
  8  #  3
  6  5  7
 11  9 10
 14 12 13
 17 15 16
f=g+h=1+9=10
Fin iteration 5

Iteration 6
*** LEAE - long : 13
EST
  2  1  4
  5  #  3
  8  6  7
 11  9 10
 14 12 13
 17 15 16
f=g+h=3+7=10
OUEST
  2  1  4
  3  5  #
  8  6  7
 11  9 10
 14 12 13
 17 15 16
f=g+h=3+8=11
NORD
  #  1  4
  2  5  3
  8  6  7
 11  9 10
 14 12 13
 17 15 16
f=g+h=3+9=12
SUD
  2  1  4
  8  5  3
 11  6  7
  #  9 10
 14 12 13
 17 15 16
f=g+h=2+10=12
OUEST
  2  1  4
  8  5  3
  7  6  #
 11  9 10
 14 12 13
 17 15 16
f=g+h=2+10=12
EST
  2  1  4
  8  5  3
  6  9  7
 11 12 10
 14 15 13
 17 16  #
f=g+h=4+7=11
OUEST
  2  1  4
  8  5  3
  6  9  7
 11 12 10
 14 15 13
  # 17 16
f=g+h=4+7=11
EST
  2  1  4
  8  5  3
  6  9  7
 11 12 10
 14 13  #
 17 15 16
f=g+h=3+8=11
OUEST
  2  1  4
  8  5  3
  6  9  7
 11 12 10
  # 14 13
 17 15 16
f=g+h=3+8=11
EST
  2  1  4
  8  5  3
  6  9  7
 11 10  #
 14 12 13
 17 15 16
f=g+h=2+9=11
OUEST
  2  1  4
  8  5  3
  6  9  7
  # 11 10
 14 12 13
 17 15 16
f=g+h=2+9=11
EST
  2  1  4
  8  5  3
  6  7  #
 11  9 10
 14 12 13
 17 15 16
f=g+h=1+10=11
NORD
  2  1  4
  8  #  3
  6  5  7
 11  9 10
 14 12 13
 17 15 16
f=g+h=1+9=10
Fin iteration 6

Iteration 7
*** LEAE - long : 15
EST
  2  1  4
  5  3  #
  8  6  7
 11  9 10
 14 12 13
 17 15 16
f=g+h=4+7=11
SUD
  2  1  4
  5  6  3
  8  #  7
 11  9 10
 14 12 13
 17 15 16
f=g+h=4+6=10
NORD
  2  #  4
  5  1  3
  8  6  7
 11  9 10
 14 12 13
 17 15 16
f=g+h=4+7=11
OUEST
  2  1  4
  3  5  #
  8  6  7
 11  9 10
 14 12 13
 17 15 16
f=g+h=3+8=11
NORD
  #  1  4
  2  5  3
  8  6  7
 11  9 10
 14 12 13
 17 15 16
f=g+h=3+9=12
SUD
  2  1  4
  8  5  3
 11  6  7
  #  9 10
 14 12 13
 17 15 16
f=g+h=2+10=12
OUEST
  2  1  4
  8  5  3
  7  6  #
 11  9 10
 14 12 13
 17 15 16
f=g+h=2+10=12
EST
  2  1  4
  8  5  3
  6  9  7
 11 12 10
 14 15 13
 17 16  #
f=g+h=4+7=11
OUEST
  2  1  4
  8  5  3
  6  9  7
 11 12 10
 14 15 13
  # 17 16
f=g+h=4+7=11
EST
  2  1  4
  8  5  3
  6  9  7
 11 12 10
 14 13  #
 17 15 16
f=g+h=3+8=11
OUEST
  2  1  4
  8  5  3
  6  9  7
 11 12 10
  # 14 13
 17 15 16
f=g+h=3+8=11
EST
  2  1  4
  8  5  3
  6  9  7
 11 10  #
 14 12 13
 17 15 16
f=g+h=2+9=11
OUEST
  2  1  4
  8  5  3
  6  9  7
  # 11 10
 14 12 13
 17 15 16
f=g+h=2+9=11
EST
  2  1  4
  8  5  3
  6  7  #
 11  9 10
 14 12 13
 17 15 16
f=g+h=1+10=11
NORD
  2  1  4
  8  #  3
  6  5  7
 11  9 10
 14 12 13
 17 15 16
f=g+h=1+9=10
Fin iteration 7

Iteration 8
*** LEAE - long : 17
EST
  2  1  4
  5  6  3
  8  7  #
 11  9 10
 14 12 13
 17 15 16
f=g+h=5+7=12
SUD
  2  1  4
  5  6  3
  8  9  7
 11  # 10
 14 12 13
 17 15 16
f=g+h=5+5=10
OUEST
  2  1  4
  5  6  3
  #  8  7
 11  9 10
 14 12 13
 17 15 16
f=g+h=5+7=12
EST
  2  1  4
  5  3  #
  8  6  7
 11  9 10
 14 12 13
 17 15 16
f=g+h=4+7=11
NORD
  2  #  4
  5  1  3
  8  6  7
 11  9 10
 14 12 13
 17 15 16
f=g+h=4+7=11
OUEST
  2  1  4
  3  5  #
  8  6  7
 11  9 10
 14 12 13
 17 15 16
f=g+h=3+8=11
NORD
  #  1  4
  2  5  3
  8  6  7
 11  9 10
 14 12 13
 17 15 16
f=g+h=3+9=12
SUD
  2  1  4
  8  5  3
 11  6  7
  #  9 10
 14 12 13
 17 15 16
f=g+h=2+10=12
OUEST
  2  1  4
  8  5  3
  7  6  #
 11  9 10
 14 12 13
 17 15 16
f=g+h=2+10=12
EST
  2  1  4
  8  5  3
  6  9  7
 11 12 10
 14 15 13
 17 16  #
f=g+h=4+7=11
OUEST
  2  1  4
  8  5  3
  6  9  7
 11 12 10
 14 15 13
  # 17 16
f=g+h=4+7=11
EST
  2  1  4
  8  5  3
  6  9  7
 11 12 10
 14 13  #
 17 15 16
f=g+h=3+8=11
OUEST
  2  1  4
  8  5  3
  6  9  7
 11 12 10
  # 14 13
 17 15 16
f=g+h=3+8=11
EST
  2  1  4
  8  5  3
  6  9  7
 11 10  #
 14 12 13
 17 15 16
f=g+h=2+9=11
OUEST
  2  1  4
  8  5  3
  6  9  7
  # 11 10
 14 12 13
 17 15 16
f=g+h=2+9=11
EST
  2  1  4
  8  5  3
  6  7  #
 11  9 10
 14 12 13
 17 15 16
f=g+h=1+10=11
NORD
  2  1  4
  8  #  3
  6  5  7
 11  9 10
 14 12 13
 17 15 16
f=g+h=1+9=10
Fin iteration 8

Iteration 9
*** LEAE - long : 19
EST
  2  1  4
  5  6  3
  8  9  7
 11 10  #
 14 12 13
 17 15 16
f=g+h=6+6=12
SUD
  2  1  4
  5  6  3
  8  9  7
 11 12 10
 14  # 13
 17 15 16
f=g+h=6+4=10
OUEST
  2  1  4
  5  6  3
  8  9  7
  # 11 10
 14 12 13
 17 15 16
f=g+h=6+6=12
EST
  2  1  4
  5  6  3
  8  7  #
 11  9 10
 14 12 13
 17 15 16
f=g+h=5+7=12
OUEST
  2  1  4
  5  6  3
  #  8  7
 11  9 10
 14 12 13
 17 15 16
f=g+h=5+7=12
EST
  2  1  4
  5  3  #
  8  6  7
 11  9 10
 14 12 13
 17 15 16
f=g+h=4+7=11
NORD
  2  #  4
  5  1  3
  8  6  7
 11  9 10
 14 12 13
 17 15 16
f=g+h=4+7=11
OUEST
  2  1  4
  3  5  #
  8  6  7
 11  9 10
 14 12 13
 17 15 16
f=g+h=3+8=11
NORD
  #  1  4
  2  5  3
  8  6  7
 11  9 10
 14 12 13
 17 15 16
f=g+h=3+9=12
SUD
  2  1  4
  8  5  3
 11  6  7
  #  9 10
 14 12 13
 17 15 16
f=g+h=2+10=12
OUEST
  2  1  4
  8  5  3
  7  6  #
 11  9 10
 14 12 13
 17 15 16
f=g+h=2+10=12
EST
  2  1  4
  8  5  3
  6  9  7
 11 12 10
 14 15 13
 17 16  #
f=g+h=4+7=11
OUEST
  2  1  4
  8  5  3
  6  9  7
 11 12 10
 14 15 13
  # 17 16
f=g+h=4+7=11
EST
  2  1  4
  8  5  3
  6  9  7
 11 12 10
 14 13  #
 17 15 16
f=g+h=3+8=11
OUEST
  2  1  4
  8  5  3
  6  9  7
 11 12 10
  # 14 13
 17 15 16
f=g+h=3+8=11
EST
  2  1  4
  8  5  3
  6  9  7
 11 10  #
 14 12 13
 17 15 16
f=g+h=2+9=11
OUEST
  2  1  4
  8  5  3
  6  9  7
  # 11 10
 14 12 13
 17 15 16
f=g+h=2+9=11
EST
  2  1  4
  8  5  3
  6  7  #
 11  9 10
 14 12 13
 17 15 16
f=g+h=1+10=11
NORD
  2  1  4
  8  #  3
  6  5  7
 11  9 10
 14 12 13
 17 15 16
f=g+h=1+9=10
Fin iteration 9

Iteration 10
*** LEAE - long : 21
EST
  2  1  4
  5  6  3
  8  9  7
 11 12 10
 14 13  #
 17 15 16
f=g+h=7+5=12
SUD
  2  1  4
  5  6  3
  8  9  7
 11 12 10
 14 15 13
 17  # 16
f=g+h=7+3=10
OUEST
  2  1  4
  5  6  3
  8  9  7
 11 12 10
  # 14 13
 17 15 16
f=g+h=7+5=12
EST
  2  1  4
  5  6  3
  8  9  7
 11 10  #
 14 12 13
 17 15 16
f=g+h=6+6=12
OUEST
  2  1  4
  5  6  3
  8  9  7
  # 11 10
 14 12 13
 17 15 16
f=g+h=6+6=12
EST
  2  1  4
  5  6  3
  8  7  #
 11  9 10
 14 12 13
 17 15 16
f=g+h=5+7=12
OUEST
  2  1  4
  5  6  3
  #  8  7
 11  9 10
 14 12 13
 17 15 16
f=g+h=5+7=12
EST
  2  1  4
  5  3  #
  8  6  7
 11  9 10
 14 12 13
 17 15 16
f=g+h=4+7=11
NORD
  2  #  4
  5  1  3
  8  6  7
 11  9 10
 14 12 13
 17 15 16
f=g+h=4+7=11
OUEST
  2  1  4
  3  5  #
  8  6  7
 11  9 10
 14 12 13
 17 15 16
f=g+h=3+8=11
NORD
  #  1  4
  2  5  3
  8  6  7
 11  9 10
 14 12 13
 17 15 16
f=g+h=3+9=12
SUD
  2  1  4
  8  5  3
 11  6  7
  #  9 10
 14 12 13
 17 15 16
f=g+h=2+10=12
OUEST
  2  1  4
  8  5  3
  7  6  #
 11  9 10
 14 12 13
 17 15 16
f=g+h=2+10=12
EST
  2  1  4
  8  5  3
  6  9  7
 11 12 10
 14 15 13
 17 16  #
f=g+h=4+7=11
OUEST
  2  1  4
  8  5  3
  6  9  7
 11 12 10
 14 15 13
  # 17 16
f=g+h=4+7=11
EST
  2  1  4
  8  5  3
  6  9  7
 11 12 10
 14 13  #
 17 15 16
f=g+h=3+8=11
OUEST
  2  1  4
  8  5  3
  6  9  7
 11 12 10
  # 14 13
 17 15 16
f=g+h=3+8=11
EST
  2  1  4
  8  5  3
  6  9  7
 11 10  #
 14 12 13
 17 15 16
f=g+h=2+9=11
OUEST
  2  1  4
  8  5  3
  6  9  7
  # 11 10
 14 12 13
 17 15 16
f=g+h=2+9=11
EST
  2  1  4
  8  5  3
  6  7  #
 11  9 10
 14 12 13
 17 15 16
f=g+h=1+10=11
NORD
  2  1  4
  8  #  3
  6  5  7
 11  9 10
 14 12 13
 17 15 16
f=g+h=1+9=10
Fin iteration 10

Iteration 11
*** LEAE - long : 22
EST
  2  1  4
  5  6  3
  8  9  7
 11 12 10
 14 15 13
 17 16  #
f=g+h=8+4=12
OUEST
  2  1  4
  5  6  3
  8  9  7
 11 12 10
 14 15 13
  # 17 16
f=g+h=8+4=12
EST
  2  1  4
  5  6  3
  8  9  7
 11 12 10
 14 13  #
 17 15 16
f=g+h=7+5=12
OUEST
  2  1  4
  5  6  3
  8  9  7
 11 12 10
  # 14 13
 17 15 16
f=g+h=7+5=12
EST
  2  1  4
  5  6  3
  8  9  7
 11 10  #
 14 12 13
 17 15 16
f=g+h=6+6=12
OUEST
  2  1  4
  5  6  3
  8  9  7
  # 11 10
 14 12 13
 17 15 16
f=g+h=6+6=12
EST
  2  1  4
  5  6  3
  8  7  #
 11  9 10
 14 12 13
 17 15 16
f=g+h=5+7=12
OUEST
  2  1  4
  5  6  3
  #  8  7
 11  9 10
 14 12 13
 17 15 16
f=g+h=5+7=12
EST
  2  1  4
  5  3  #
  8  6  7
 11  9 10
 14 12 13
 17 15 16
f=g+h=4+7=11
NORD
  2  #  4
  5  1  3
  8  6  7
 11  9 10
 14 12 13
 17 15 16
f=g+h=4+7=11
OUEST
  2  1  4
  3  5  #
  8  6  7
 11  9 10
 14 12 13
 17 15 16
f=g+h=3+8=11
NORD
  #  1  4
  2  5  3
  8  6  7
 11  9 10
 14 12 13
 17 15 16
f=g+h=3+9=12
SUD
  2  1  4
  8  5  3
 11  6  7
  #  9 10
 14 12 13
 17 15 16
f=g+h=2+10=12
OUEST
  2  1  4
  8  5  3
  7  6  #
 11  9 10
 14 12 13
 17 15 16
f=g+h=2+10=12
EST
  2  1  4
  8  5  3
  6  9  7
 11 12 10
 14 15 13
 17 16  #
f=g+h=4+7=11
OUEST
  2  1  4
  8  5  3
  6  9  7
 11 12 10
 14 15 13
  # 17 16
f=g+h=4+7=11
EST
  2  1  4
  8  5  3
  6  9  7
 11 12 10
 14 13  #
 17 15 16
f=g+h=3+8=11
OUEST
  2  1  4
  8  5  3
  6  9  7
 11 12 10
  # 14 13
 17 15 16
f=g+h=3+8=11
EST
  2  1  4
  8  5  3
  6  9  7
 11 10  #
 14 12 13
 17 15 16
f=g+h=2+9=11
OUEST
  2  1  4
  8  5  3
  6  9  7
  # 11 10
 14 12 13
 17 15 16
f=g+h=2+9=11
EST
  2  1  4
  8  5  3
  6  7  #
 11  9 10
 14 12 13
 17 15 16
f=g+h=1+10=11
NORD
  2  1  4
  8  #  3
  6  5  7
 11  9 10
 14 12 13
 17 15 16
f=g+h=1+9=10
Fin iteration 11

Iteration 12
*** LEAE - long : 24
EST
  2  1  4
  8  3  #
  6  5  7
 11  9 10
 14 12 13
 17 15 16
f=g+h=2+9=11
OUEST
  2  1  4
  #  8  3
  6  5  7
 11  9 10
 14 12 13
 17 15 16
f=g+h=2+9=11
NORD
  2  #  4
  8  1  3
  6  5  7
 11  9 10
 14 12 13
 17 15 16
f=g+h=2+9=11
EST
  2  1  4
  5  6  3
  8  9  7
 11 12 10
 14 15 13
 17 16  #
f=g+h=8+4=12
OUEST
  2  1  4
  5  6  3
  8  9  7
 11 12 10
 14 15 13
  # 17 16
f=g+h=8+4=12
EST
  2  1  4
  5  6  3
  8  9  7
 11 12 10
 14 13  #
 17 15 16
f=g+h=7+5=12
OUEST
  2  1  4
  5  6  3
  8  9  7
 11 12 10
  # 14 13
 17 15 16
f=g+h=7+5=12
EST
  2  1  4
  5  6  3
  8  9  7
 11 10  #
 14 12 13
 17 15 16
f=g+h=6+6=12
OUEST
  2  1  4
  5  6  3
  8  9  7
  # 11 10
 14 12 13
 17 15 16
f=g+h=6+6=12
EST
  2  1  4
  5  6  3
  8  7  #
 11  9 10
 14 12 13
 17 15 16
f=g+h=5+7=12
OUEST
  2  1  4
  5  6  3
  #  8  7
 11  9 10
 14 12 13
 17 15 16
f=g+h=5+7=12
EST
  2  1  4
  5  3  #
  8  6  7
 11  9 10
 14 12 13
 17 15 16
f=g+h=4+7=11
NORD
  2  #  4
  5  1  3
  8  6  7
 11  9 10
 14 12 13
 17 15 16
f=g+h=4+7=11
OUEST
  2  1  4
  3  5  #
  8  6  7
 11  9 10
 14 12 13
 17 15 16
f=g+h=3+8=11
NORD
  #  1  4
  2  5  3
  8  6  7
 11  9 10
 14 12 13
 17 15 16
f=g+h=3+9=12
SUD
  2  1  4
  8  5  3
 11  6  7
  #  9 10
 14 12 13
 17 15 16
f=g+h=2+10=12
OUEST
  2  1  4
  8  5  3
  7  6  #
 11  9 10
 14 12 13
 17 15 16
f=g+h=2+10=12
EST
  2  1  4
  8  5  3
  6  9  7
 11 12 10
 14 15 13
 17 16  #
f=g+h=4+7=11
OUEST
  2  1  4
  8  5  3
  6  9  7
 11 12 10
 14 15 13
  # 17 16
f=g+h=4+7=11
EST
  2  1  4
  8  5  3
  6  9  7
 11 12 10
 14 13  #
 17 15 16
f=g+h=3+8=11
OUEST
  2  1  4
  8  5  3
  6  9  7
 11 12 10
  # 14 13
 17 15 16
f=g+h=3+8=11
EST
  2  1  4
  8  5  3
  6  9  7
 11 10  #
 14 12 13
 17 15 16
f=g+h=2+9=11
OUEST
  2  1  4
  8  5  3
  6  9  7
  # 11 10
 14 12 13
 17 15 16
f=g+h=2+9=11
EST
  2  1  4
  8  5  3
  6  7  #
 11  9 10
 14 12 13
 17 15 16
f=g+h=1+10=11
Fin iteration 12

Iteration 13
*** LEAE - long : 26
EST
  2  1  4
  #  3  8
  6  5  7
 11  9 10
 14 12 13
 17 15 16
f=g+h=3+9=12
SUD
  2  1  4
  8  3  7
  6  5  #
 11  9 10
 14 12 13
 17 15 16
f=g+h=3+10=13
NORD
  2  1  #
  8  3  4
  6  5  7
 11  9 10
 14 12 13
 17 15 16
f=g+h=3+8=11
OUEST
  2  1  4
  #  8  3
  6  5  7
 11  9 10
 14 12 13
 17 15 16
f=g+h=2+9=11
NORD
  2  #  4
  8  1  3
  6  5  7
 11  9 10
 14 12 13
 17 15 16
f=g+h=2+9=11
EST
  2  1  4
  5  6  3
  8  9  7
 11 12 10
 14 15 13
 17 16  #
f=g+h=8+4=12
OUEST
  2  1  4
  5  6  3
  8  9  7
 11 12 10
 14 15 13
  # 17 16
f=g+h=8+4=12
EST
  2  1  4
  5  6  3
  8  9  7
 11 12 10
 14 13  #
 17 15 16
f=g+h=7+5=12
OUEST
  2  1  4
  5  6  3
  8  9  7
 11 12 10
  # 14 13
 17 15 16
f=g+h=7+5=12
EST
  2  1  4
  5  6  3
  8  9  7
 11 10  #
 14 12 13
 17 15 16
f=g+h=6+6=12
OUEST
  2  1  4
  5  6  3
  8  9  7
  # 11 10
 14 12 13
 17 15 16
f=g+h=6+6=12
EST
  2  1  4
  5  6  3
  8  7  #
 11  9 10
 14 12 13
 17 15 16
f=g+h=5+7=12
OUEST
  2  1  4
  5  6  3
  #  8  7
 11  9 10
 14 12 13
 17 15 16
f=g+h=5+7=12
EST
  2  1  4
  5  3  #
  8  6  7
 11  9 10
 14 12 13
 17 15 16
f=g+h=4+7=11
NORD
  2  #  4
  5  1  3
  8  6  7
 11  9 10
 14 12 13
 17 15 16
f=g+h=4+7=11
OUEST
  2  1  4
  3  5  #
  8  6  7
 11  9 10
 14 12 13
 17 15 16
f=g+h=3+8=11
NORD
  #  1  4
  2  5  3
  8  6  7
 11  9 10
 14 12 13
 17 15 16
f=g+h=3+9=12
SUD
  2  1  4
  8  5  3
 11  6  7
  #  9 10
 14 12 13
 17 15 16
f=g+h=2+10=12
OUEST
  2  1  4
  8  5  3
  7  6  #
 11  9 10
 14 12 13
 17 15 16
f=g+h=2+10=12
EST
  2  1  4
  8  5  3
  6  9  7
 11 12 10
 14 15 13
 17 16  #
f=g+h=4+7=11
OUEST
  2  1  4
  8  5  3
  6  9  7
 11 12 10
 14 15 13
  # 17 16
f=g+h=4+7=11
EST
  2  1  4
  8  5  3
  6  9  7
 11 12 10
 14 13  #
 17 15 16
f=g+h=3+8=11
OUEST
  2  1  4
  8  5  3
  6  9  7
 11 12 10
  # 14 13
 17 15 16
f=g+h=3+8=11
EST
  2  1  4
  8  5  3
  6  9  7
 11 10  #
 14 12 13
 17 15 16
f=g+h=2+9=11
OUEST
  2  1  4
  8  5  3
  6  9  7
  # 11 10
 14 12 13
 17 15 16
f=g+h=2+9=11
EST
  2  1  4
  8  5  3
  6  7  #
 11  9 10
 14 12 13
 17 15 16
f=g+h=1+10=11
Fin iteration 13

Iteration 14
*** LEAE - long : 27
EST
  #  1  2
  8  3  4
  6  5  7
 11  9 10
 14 12 13
 17 15 16
f=g+h=4+9=13
OUEST
  2  #  1
  8  3  4
  6  5  7
 11  9 10
 14 12 13
 17 15 16
f=g+h=4+7=11
EST
  2  1  4
  #  3  8
  6  5  7
 11  9 10
 14 12 13
 17 15 16
f=g+h=3+9=12
SUD
  2  1  4
  8  3  7
  6  5  #
 11  9 10
 14 12 13
 17 15 16
f=g+h=3+10=13
OUEST
  2  1  4
  #  8  3
  6  5  7
 11  9 10
 14 12 13
 17 15 16
f=g+h=2+9=11
NORD
  2  #  4
  8  1  3
  6  5  7
 11  9 10
 14 12 13
 17 15 16
f=g+h=2+9=11
EST
  2  1  4
  5  6  3
  8  9  7
 11 12 10
 14 15 13
 17 16  #
f=g+h=8+4=12
OUEST
  2  1  4
  5  6  3
  8  9  7
 11 12 10
 14 15 13
  # 17 16
f=g+h=8+4=12
EST
  2  1  4
  5  6  3
  8  9  7
 11 12 10
 14 13  #
 17 15 16
f=g+h=7+5=12
OUEST
  2  1  4
  5  6  3
  8  9  7
 11 12 10
  # 14 13
 17 15 16
f=g+h=7+5=12
EST
  2  1  4
  5  6  3
  8  9  7
 11 10  #
 14 12 13
 17 15 16
f=g+h=6+6=12
OUEST
  2  1  4
  5  6  3
  8  9  7
  # 11 10
 14 12 13
 17 15 16
f=g+h=6+6=12
EST
  2  1  4
  5  6  3
  8  7  #
 11  9 10
 14 12 13
 17 15 16
f=g+h=5+7=12
OUEST
  2  1  4
  5  6  3
  #  8  7
 11  9 10
 14 12 13
 17 15 16
f=g+h=5+7=12
EST
  2  1  4
  5  3  #
  8  6  7
 11  9 10
 14 12 13
 17 15 16
f=g+h=4+7=11
NORD
  2  #  4
  5  1  3
  8  6  7
 11  9 10
 14 12 13
 17 15 16
f=g+h=4+7=11
OUEST
  2  1  4
  3  5  #
  8  6  7
 11  9 10
 14 12 13
 17 15 16
f=g+h=3+8=11
NORD
  #  1  4
  2  5  3
  8  6  7
 11  9 10
 14 12 13
 17 15 16
f=g+h=3+9=12
SUD
  2  1  4
  8  5  3
 11  6  7
  #  9 10
 14 12 13
 17 15 16
f=g+h=2+10=12
OUEST
  2  1  4
  8  5  3
  7  6  #
 11  9 10
 14 12 13
 17 15 16
f=g+h=2+10=12
EST
  2  1  4
  8  5  3
  6  9  7
 11 12 10
 14 15 13
 17 16  #
f=g+h=4+7=11
OUEST
  2  1  4
  8  5  3
  6  9  7
 11 12 10
 14 15 13
  # 17 16
f=g+h=4+7=11
EST
  2  1  4
  8  5  3
  6  9  7
 11 12 10
 14 13  #
 17 15 16
f=g+h=3+8=11
OUEST
  2  1  4
  8  5  3
  6  9  7
 11 12 10
  # 14 13
 17 15 16
f=g+h=3+8=11
EST
  2  1  4
  8  5  3
  6  9  7
 11 10  #
 14 12 13
 17 15 16
f=g+h=2+9=11
OUEST
  2  1  4
  8  5  3
  6  9  7
  # 11 10
 14 12 13
 17 15 16
f=g+h=2+9=11
EST
  2  1  4
  8  5  3
  6  7  #
 11  9 10
 14 12 13
 17 15 16
f=g+h=1+10=11
Fin iteration 14

Iteration 15
*** LEAE - long : 28
SUD
  2  3  1
  8  #  4
  6  5  7
 11  9 10
 14 12 13
 17 15 16
f=g+h=5+6=11
OUEST
  #  2  1
  8  3  4
  6  5  7
 11  9 10
 14 12 13
 17 15 16
f=g+h=5+8=13
EST
  #  1  2
  8  3  4
  6  5  7
 11  9 10
 14 12 13
 17 15 16
f=g+h=4+9=13
EST
  2  1  4
  #  3  8
  6  5  7
 11  9 10
 14 12 13
 17 15 16
f=g+h=3+9=12
SUD
  2  1  4
  8  3  7
  6  5  #
 11  9 10
 14 12 13
 17 15 16
f=g+h=3+10=13
OUEST
  2  1  4
  #  8  3
  6  5  7
 11  9 10
 14 12 13
 17 15 16
f=g+h=2+9=11
NORD
  2  #  4
  8  1  3
  6  5  7
 11  9 10
 14 12 13
 17 15 16
f=g+h=2+9=11
EST
  2  1  4
  5  6  3
  8  9  7
 11 12 10
 14 15 13
 17 16  #
f=g+h=8+4=12
OUEST
  2  1  4
  5  6  3
  8  9  7
 11 12 10
 14 15 13
  # 17 16
f=g+h=8+4=12
EST
  2  1  4
  5  6  3
  8  9  7
 11 12 10
 14 13  #
 17 15 16
f=g+h=7+5=12
OUEST
  2  1  4
  5  6  3
  8  9  7
 11 12 10
  # 14 13
 17 15 16
f=g+h=7+5=12
EST
  2  1  4
  5  6  3
  8  9  7
 11 10  #
 14 12 13
 17 15 16
f=g+h=6+6=12
OUEST
  2  1  4
  5  6  3
  8  9  7
  # 11 10
 14 12 13
 17 15 16
f=g+h=6+6=12
EST
  2  1  4
  5  6  3
  8  7  #
 11  9 10
 14 12 13
 17 15 16
f=g+h=5+7=12
OUEST
  2  1  4
  5  6  3
  #  8  7
 11  9 10
 14 12 13
 17 15 16
f=g+h=5+7=12
EST
  2  1  4
  5  3  #
  8  6  7
 11  9 10
 14 12 13
 17 15 16
f=g+h=4+7=11
NORD
  2  #  4
  5  1  3
  8  6  7
 11  9 10
 14 12 13
 17 15 16
f=g+h=4+7=11
OUEST
  2  1  4
  3  5  #
  8  6  7
 11  9 10
 14 12 13
 17 15 16
f=g+h=3+8=11
NORD
  #  1  4
  2  5  3
  8  6  7
 11  9 10
 14 12 13
 17 15 16
f=g+h=3+9=12
SUD
  2  1  4
  8  5  3
 11  6  7
  #  9 10
 14 12 13
 17 15 16
f=g+h=2+10=12
OUEST
  2  1  4
  8  5  3
  7  6  #
 11  9 10
 14 12 13
 17 15 16
f=g+h=2+10=12
EST
  2  1  4
  8  5  3
  6  9  7
 11 12 10
 14 15 13
 17 16  #
f=g+h=4+7=11
OUEST
  2  1  4
  8  5  3
  6  9  7
 11 12 10
 14 15 13
  # 17 16
f=g+h=4+7=11
EST
  2  1  4
  8  5  3
  6  9  7
 11 12 10
 14 13  #
 17 15 16
f=g+h=3+8=11
OUEST
  2  1  4
  8  5  3
  6  9  7
 11 12 10
  # 14 13
 17 15 16
f=g+h=3+8=11
EST
  2  1  4
  8  5  3
  6  9  7
 11 10  #
 14 12 13
 17 15 16
f=g+h=2+9=11
OUEST
  2  1  4
  8  5  3
  6  9  7
  # 11 10
 14 12 13
 17 15 16
f=g+h=2+9=11
EST
  2  1  4
  8  5  3
  6  7  #
 11  9 10
 14 12 13
 17 15 16
f=g+h=1+10=11
Fin iteration 15

Iteration 16
*** LEAE - long : 30
EST
  2  3  1
  8  4  #
  6  5  7
 11  9 10
 14 12 13
 17 15 16
f=g+h=6+7=13
SUD
  2  3  1
  8  5  4
  6  #  7
 11  9 10
 14 12 13
 17 15 16
f=g+h=6+6=12
OUEST
  2  3  1
  #  8  4
  6  5  7
 11  9 10
 14 12 13
 17 15 16
f=g+h=6+6=12
OUEST
  #  2  1
  8  3  4
  6  5  7
 11  9 10
 14 12 13
 17 15 16
f=g+h=5+8=13
EST
  #  1  2
  8  3  4
  6  5  7
 11  9 10
 14 12 13
 17 15 16
f=g+h=4+9=13
EST
  2  1  4
  #  3  8
  6  5  7
 11  9 10
 14 12 13
 17 15 16
f=g+h=3+9=12
SUD
  2  1  4
  8  3  7
  6  5  #
 11  9 10
 14 12 13
 17 15 16
f=g+h=3+10=13
OUEST
  2  1  4
  #  8  3
  6  5  7
 11  9 10
 14 12 13
 17 15 16
f=g+h=2+9=11
NORD
  2  #  4
  8  1  3
  6  5  7
 11  9 10
 14 12 13
 17 15 16
f=g+h=2+9=11
EST
  2  1  4
  5  6  3
  8  9  7
 11 12 10
 14 15 13
 17 16  #
f=g+h=8+4=12
OUEST
  2  1  4
  5  6  3
  8  9  7
 11 12 10
 14 15 13
  # 17 16
f=g+h=8+4=12
EST
  2  1  4
  5  6  3
  8  9  7
 11 12 10
 14 13  #
 17 15 16
f=g+h=7+5=12
OUEST
  2  1  4
  5  6  3
  8  9  7
 11 12 10
  # 14 13
 17 15 16
f=g+h=7+5=12
EST
  2  1  4
  5  6  3
  8  9  7
 11 10  #
 14 12 13
 17 15 16
f=g+h=6+6=12
OUEST
  2  1  4
  5  6  3
  8  9  7
  # 11 10
 14 12 13
 17 15 16
f=g+h=6+6=12
EST
  2  1  4
  5  6  3
  8  7  #
 11  9 10
 14 12 13
 17 15 16
f=g+h=5+7=12
OUEST
  2  1  4
  5  6  3
  #  8  7
 11  9 10
 14 12 13
 17 15 16
f=g+h=5+7=12
EST
  2  1  4
  5  3  #
  8  6  7
 11  9 10
 14 12 13
 17 15 16
f=g+h=4+7=11
NORD
  2  #  4
  5  1  3
  8  6  7
 11  9 10
 14 12 13
 17 15 16
f=g+h=4+7=11
OUEST
  2  1  4
  3  5  #
  8  6  7
 11  9 10
 14 12 13
 17 15 16
f=g+h=3+8=11
NORD
  #  1  4
  2  5  3
  8  6  7
 11  9 10
 14 12 13
 17 15 16
f=g+h=3+9=12
SUD
  2  1  4
  8  5  3
 11  6  7
  #  9 10
 14 12 13
 17 15 16
f=g+h=2+10=12
OUEST
  2  1  4
  8  5  3
  7  6  #
 11  9 10
 14 12 13
 17 15 16
f=g+h=2+10=12
EST
  2  1  4
  8  5  3
  6  9  7
 11 12 10
 14 15 13
 17 16  #
f=g+h=4+7=11
OUEST
  2  1  4
  8  5  3
  6  9  7
 11 12 10
 14 15 13
  # 17 16
f=g+h=4+7=11
EST
  2  1  4
  8  5  3
  6  9  7
 11 12 10
 14 13  #
 17 15 16
f=g+h=3+8=11
OUEST
  2  1  4
  8  5  3
  6  9  7
 11 12 10
  # 14 13
 17 15 16
f=g+h=3+8=11
EST
  2  1  4
  8  5  3
  6  9  7
 11 10  #
 14 12 13
 17 15 16
f=g+h=2+9=11
OUEST
  2  1  4
  8  5  3
  6  9  7
  # 11 10
 14 12 13
 17 15 16
f=g+h=2+9=11
EST
  2  1  4
  8  5  3
  6  7  #
 11  9 10
 14 12 13
 17 15 16
f=g+h=1+10=11
Fin iteration 16

Iteration 17
*** LEAE - long : 32
SUD
  2  1  4
  6  8  3
  #  5  7
 11  9 10
 14 12 13
 17 15 16
f=g+h=3+9=12
OUEST
  2  1  4
  3  8  #
  6  5  7
 11  9 10
 14 12 13
 17 15 16
f=g+h=3+9=12
NORD
  #  1  4
  2  8  3
  6  5  7
 11  9 10
 14 12 13
 17 15 16
f=g+h=3+10=13
EST
  2  3  1
  8  4  #
  6  5  7
 11  9 10
 14 12 13
 17 15 16
f=g+h=6+7=13
SUD
  2  3  1
  8  5  4
  6  #  7
 11  9 10
 14 12 13
 17 15 16
f=g+h=6+6=12
OUEST
  2  3  1
  #  8  4
  6  5  7
 11  9 10
 14 12 13
 17 15 16
f=g+h=6+6=12
OUEST
  #  2  1
  8  3  4
  6  5  7
 11  9 10
 14 12 13
 17 15 16
f=g+h=5+8=13
EST
  #  1  2
  8  3  4
  6  5  7
 11  9 10
 14 12 13
 17 15 16
f=g+h=4+9=13
EST
  2  1  4
  #  3  8
  6  5  7
 11  9 10
 14 12 13
 17 15 16
f=g+h=3+9=12
SUD
  2  1  4
  8  3  7
  6  5  #
 11  9 10
 14 12 13
 17 15 16
f=g+h=3+10=13
NORD
  2  #  4
  8  1  3
  6  5  7
 11  9 10
 14 12 13
 17 15 16
f=g+h=2+9=11
EST
  2  1  4
  5  6  3
  8  9  7
 11 12 10
 14 15 13
 17 16  #
f=g+h=8+4=12
OUEST
  2  1  4
  5  6  3
  8  9  7
 11 12 10
 14 15 13
  # 17 16
f=g+h=8+4=12
EST
  2  1  4
  5  6  3
  8  9  7
 11 12 10
 14 13  #
 17 15 16
f=g+h=7+5=12
OUEST
  2  1  4
  5  6  3
  8  9  7
 11 12 10
  # 14 13
 17 15 16
f=g+h=7+5=12
EST
  2  1  4
  5  6  3
  8  9  7
 11 10  #
 14 12 13
 17 15 16
f=g+h=6+6=12
OUEST
  2  1  4
  5  6  3
  8  9  7
  # 11 10
 14 12 13
 17 15 16
f=g+h=6+6=12
EST
  2  1  4
  5  6  3
  8  7  #
 11  9 10
 14 12 13
 17 15 16
f=g+h=5+7=12
OUEST
  2  1  4
  5  6  3
  #  8  7
 11  9 10
 14 12 13
 17 15 16
f=g+h=5+7=12
EST
  2  1  4
  5  3  #
  8  6  7
 11  9 10
 14 12 13
 17 15 16
f=g+h=4+7=11
NORD
  2  #  4
  5  1  3
  8  6  7
 11  9 10
 14 12 13
 17 15 16
f=g+h=4+7=11
OUEST
  2  1  4
  3  5  #
  8  6  7
 11  9 10
 14 12 13
 17 15 16
f=g+h=3+8=11
NORD
  #  1  4
  2  5  3
  8  6  7
 11  9 10
 14 12 13
 17 15 16
f=g+h=3+9=12
SUD
  2  1  4
  8  5  3
 11  6  7
  #  9 10
 14 12 13
 17 15 16
f=g+h=2+10=12
OUEST
  2  1  4
  8  5  3
  7  6  #
 11  9 10
 14 12 13
 17 15 16
f=g+h=2+10=12
EST
  2  1  4
  8  5  3
  6  9  7
 11 12 10
 14 15 13
 17 16  #
f=g+h=4+7=11
OUEST
  2  1  4
  8  5  3
  6  9  7
 11 12 10
 14 15 13
  # 17 16
f=g+h=4+7=11
EST
  2  1  4
  8  5  3
  6  9  7
 11 12 10
 14 13  #
 17 15 16
f=g+h=3+8=11
OUEST
  2  1  4
  8  5  3
  6  9  7
 11 12 10
  # 14 13
 17 15 16
f=g+h=3+8=11
EST
  2  1  4
  8  5  3
  6  9  7
 11 10  #
 14 12 13
 17 15 16
f=g+h=2+9=11
OUEST
  2  1  4
  8  5  3
  6  9  7
  # 11 10
 14 12 13
 17 15 16
f=g+h=2+9=11
EST
  2  1  4
  8  5  3
  6  7  #
 11  9 10
 14 12 13
 17 15 16
f=g+h=1+10=11
Fin iteration 17

Iteration 18
*** LEAE - long : 33
EST
  2  4  #
  8  1  3
  6  5  7
 11  9 10
 14 12 13
 17 15 16
f=g+h=3+9=12
OUEST
  #  2  4
  8  1  3
  6  5  7
 11  9 10
 14 12 13
 17 15 16
f=g+h=3+10=13
SUD
  2  1  4
  6  8  3
  #  5  7
 11  9 10
 14 12 13
 17 15 16
f=g+h=3+9=12
OUEST
  2  1  4
  3  8  #
  6  5  7
 11  9 10
 14 12 13
 17 15 16
f=g+h=3+9=12
NORD
  #  1  4
  2  8  3
  6  5  7
 11  9 10
 14 12 13
 17 15 16
f=g+h=3+10=13
EST
  2  3  1
  8  4  #
  6  5  7
 11  9 10
 14 12 13
 17 15 16
f=g+h=6+7=13
SUD
  2  3  1
  8  5  4
  6  #  7
 11  9 10
 14 12 13
 17 15 16
f=g+h=6+6=12
OUEST
  2  3  1
  #  8  4
  6  5  7
 11  9 10
 14 12 13
 17 15 16
f=g+h=6+6=12
OUEST
  #  2  1
  8  3  4
  6  5  7
 11  9 10
 14 12 13
 17 15 16
f=g+h=5+8=13
EST
  #  1  2
  8  3  4
  6  5  7
 11  9 10
 14 12 13
 17 15 16
f=g+h=4+9=13
EST
  2  1  4
  #  3  8
  6  5  7
 11  9 10
 14 12 13
 17 15 16
f=g+h=3+9=12
SUD
  2  1  4
  8  3  7
  6  5  #
 11  9 10
 14 12 13
 17 15 16
f=g+h=3+10=13
EST
  2  1  4
  5  6  3
  8  9  7
 11 12 10
 14 15 13
 17 16  #
f=g+h=8+4=12
OUEST
  2  1  4
  5  6  3
  8  9  7
 11 12 10
 14 15 13
  # 17 16
f=g+h=8+4=12
EST
  2  1  4
  5  6  3
  8  9  7
 11 12 10
 14 13  #
 17 15 16
f=g+h=7+5=12
OUEST
  2  1  4
  5  6  3
  8  9  7
 11 12 10
  # 14 13
 17 15 16
f=g+h=7+5=12
EST
  2  1  4
  5  6  3
  8  9  7
 11 10  #
 14 12 13
 17 15 16
f=g+h=6+6=12
OUEST
  2  1  4
  5  6  3
  8  9  7
  # 11 10
 14 12 13
 17 15 16
f=g+h=6+6=12
EST
  2  1  4
  5  6  3
  8  7  #
 11  9 10
 14 12 13
 17 15 16
f=g+h=5+7=12
OUEST
  2  1  4
  5  6  3
  #  8  7
 11  9 10
 14 12 13
 17 15 16
f=g+h=5+7=12
EST
  2  1  4
  5  3  #
  8  6  7
 11  9 10
 14 12 13
 17 15 16
f=g+h=4+7=11
NORD
  2  #  4
  5  1  3
  8  6  7
 11  9 10
 14 12 13
 17 15 16
f=g+h=4+7=11
OUEST
  2  1  4
  3  5  #
  8  6  7
 11  9 10
 14 12 13
 17 15 16
f=g+h=3+8=11
NORD
  #  1  4
  2  5  3
  8  6  7
 11  9 10
 14 12 13
 17 15 16
f=g+h=3+9=12
SUD
  2  1  4
  8  5  3
 11  6  7
  #  9 10
 14 12 13
 17 15 16
f=g+h=2+10=12
OUEST
  2  1  4
  8  5  3
  7  6  #
 11  9 10
 14 12 13
 17 15 16
f=g+h=2+10=12
EST
  2  1  4
  8  5  3
  6  9  7
 11 12 10
 14 15 13
 17 16  #
f=g+h=4+7=11
OUEST
  2  1  4
  8  5  3
  6  9  7
 11 12 10
 14 15 13
  # 17 16
f=g+h=4+7=11
EST
  2  1  4
  8  5  3
  6  9  7
 11 12 10
 14 13  #
 17 15 16
f=g+h=3+8=11
OUEST
  2  1  4
  8  5  3
  6  9  7
 11 12 10
  # 14 13
 17 15 16
f=g+h=3+8=11
EST
  2  1  4
  8  5  3
  6  9  7
 11 10  #
 14 12 13
 17 15 16
f=g+h=2+9=11
OUEST
  2  1  4
  8  5  3
  6  9  7
  # 11 10
 14 12 13
 17 15 16
f=g+h=2+9=11
EST
  2  1  4
  8  5  3
  6  7  #
 11  9 10
 14 12 13
 17 15 16
f=g+h=1+10=11
Fin iteration 18

Iteration 19
*** LEAE - long : 35
EST
  2  1  4
  #  3  5
  8  6  7
 11  9 10
 14 12 13
 17 15 16
f=g+h=5+8=13
SUD
  2  1  4
  5  3  7
  8  6  #
 11  9 10
 14 12 13
 17 15 16
f=g+h=5+8=13
NORD
  2  1  #
  5  3  4
  8  6  7
 11  9 10
 14 12 13
 17 15 16
f=g+h=5+6=11
EST
  2  4  #
  8  1  3
  6  5  7
 11  9 10
 14 12 13
 17 15 16
f=g+h=3+9=12
OUEST
  #  2  4
  8  1  3
  6  5  7
 11  9 10
 14 12 13
 17 15 16
f=g+h=3+10=13
SUD
  2  1  4
  6  8  3
  #  5  7
 11  9 10
 14 12 13
 17 15 16
f=g+h=3+9=12
OUEST
  2  1  4
  3  8  #
  6  5  7
 11  9 10
 14 12 13
 17 15 16
f=g+h=3+9=12
NORD
  #  1  4
  2  8  3
  6  5  7
 11  9 10
 14 12 13
 17 15 16
f=g+h=3+10=13
EST
  2  3  1
  8  4  #
  6  5  7
 11  9 10
 14 12 13
 17 15 16
f=g+h=6+7=13
SUD
  2  3  1
  8  5  4
  6  #  7
 11  9 10
 14 12 13
 17 15 16
f=g+h=6+6=12
OUEST
  2  3  1
  #  8  4
  6  5  7
 11  9 10
 14 12 13
 17 15 16
f=g+h=6+6=12
OUEST
  #  2  1
  8  3  4
  6  5  7
 11  9 10
 14 12 13
 17 15 16
f=g+h=5+8=13
EST
  #  1  2
  8  3  4
  6  5  7
 11  9 10
 14 12 13
 17 15 16
f=g+h=4+9=13
EST
  2  1  4
  #  3  8
  6  5  7
 11  9 10
 14 12 13
 17 15 16
f=g+h=3+9=12
SUD
  2  1  4
  8  3  7
  6  5  #
 11  9 10
 14 12 13
 17 15 16
f=g+h=3+10=13
EST
  2  1  4
  5  6  3
  8  9  7
 11 12 10
 14 15 13
 17 16  #
f=g+h=8+4=12
OUEST
  2  1  4
  5  6  3
  8  9  7
 11 12 10
 14 15 13
  # 17 16
f=g+h=8+4=12
EST
  2  1  4
  5  6  3
  8  9  7
 11 12 10
 14 13  #
 17 15 16
f=g+h=7+5=12
OUEST
  2  1  4
  5  6  3
  8  9  7
 11 12 10
  # 14 13
 17 15 16
f=g+h=7+5=12
EST
  2  1  4
  5  6  3
  8  9  7
 11 10  #
 14 12 13
 17 15 16
f=g+h=6+6=12
OUEST
  2  1  4
  5  6  3
  8  9  7
  # 11 10
 14 12 13
 17 15 16
f=g+h=6+6=12
EST
  2  1  4
  5  6  3
  8  7  #
 11  9 10
 14 12 13
 17 15 16
f=g+h=5+7=12
OUEST
  2  1  4
  5  6  3
  #  8  7
 11  9 10
 14 12 13
 17 15 16
f=g+h=5+7=12
NORD
  2  #  4
  5  1  3
  8  6  7
 11  9 10
 14 12 13
 17 15 16
f=g+h=4+7=11
OUEST
  2  1  4
  3  5  #
  8  6  7
 11  9 10
 14 12 13
 17 15 16
f=g+h=3+8=11
NORD
  #  1  4
  2  5  3
  8  6  7
 11  9 10
 14 12 13
 17 15 16
f=g+h=3+9=12
SUD
  2  1  4
  8  5  3
 11  6  7
  #  9 10
 14 12 13
 17 15 16
f=g+h=2+10=12
OUEST
  2  1  4
  8  5  3
  7  6  #
 11  9 10
 14 12 13
 17 15 16
f=g+h=2+10=12
EST
  2  1  4
  8  5  3
  6  9  7
 11 12 10
 14 15 13
 17 16  #
f=g+h=4+7=11
OUEST
  2  1  4
  8  5  3
  6  9  7
 11 12 10
 14 15 13
  # 17 16
f=g+h=4+7=11
EST
  2  1  4
  8  5  3
  6  9  7
 11 12 10
 14 13  #
 17 15 16
f=g+h=3+8=11
OUEST
  2  1  4
  8  5  3
  6  9  7
 11 12 10
  # 14 13
 17 15 16
f=g+h=3+8=11
EST
  2  1  4
  8  5  3
  6  9  7
 11 10  #
 14 12 13
 17 15 16
f=g+h=2+9=11
OUEST
  2  1  4
  8  5  3
  6  9  7
  # 11 10
 14 12 13
 17 15 16
f=g+h=2+9=11
EST
  2  1  4
  8  5  3
  6  7  #
 11  9 10
 14 12 13
 17 15 16
f=g+h=1+10=11
Fin iteration 19

Iteration 20
*** LEAE - long : 36
EST
  #  1  2
  5  3  4
  8  6  7
 11  9 10
 14 12 13
 17 15 16
f=g+h=6+7=13
OUEST
  2  #  1
  5  3  4
  8  6  7
 11  9 10
 14 12 13
 17 15 16
f=g+h=6+5=11
EST
  2  1  4
  #  3  5
  8  6  7
 11  9 10
 14 12 13
 17 15 16
f=g+h=5+8=13
SUD
  2  1  4
  5  3  7
  8  6  #
 11  9 10
 14 12 13
 17 15 16
f=g+h=5+8=13
EST
  2  4  #
  8  1  3
  6  5  7
 11  9 10
 14 12 13
 17 15 16
f=g+h=3+9=12
OUEST
  #  2  4
  8  1  3
  6  5  7
 11  9 10
 14 12 13
 17 15 16
f=g+h=3+10=13
SUD
  2  1  4
  6  8  3
  #  5  7
 11  9 10
 14 12 13
 17 15 16
f=g+h=3+9=12
OUEST
  2  1  4
  3  8  #
  6  5  7
 11  9 10
 14 12 13
 17 15 16
f=g+h=3+9=12
NORD
  #  1  4
  2  8  3
  6  5  7
 11  9 10
 14 12 13
 17 15 16
f=g+h=3+10=13
EST
  2  3  1
  8  4  #
  6  5  7
 11  9 10
 14 12 13
 17 15 16
f=g+h=6+7=13
SUD
  2  3  1
  8  5  4
  6  #  7
 11  9 10
 14 12 13
 17 15 16
f=g+h=6+6=12
OUEST
  2  3  1
  #  8  4
  6  5  7
 11  9 10
 14 12 13
 17 15 16
f=g+h=6+6=12
OUEST
  #  2  1
  8  3  4
  6  5  7
 11  9 10
 14 12 13
 17 15 16
f=g+h=5+8=13
EST
  #  1  2
  8  3  4
  6  5  7
 11  9 10
 14 12 13
 17 15 16
f=g+h=4+9=13
EST
  2  1  4
  #  3  8
  6  5  7
 11  9 10
 14 12 13
 17 15 16
f=g+h=3+9=12
SUD
  2  1  4
  8  3  7
  6  5  #
 11  9 10
 14 12 13
 17 15 16
f=g+h=3+10=13
EST
  2  1  4
  5  6  3
  8  9  7
 11 12 10
 14 15 13
 17 16  #
f=g+h=8+4=12
OUEST
  2  1  4
  5  6  3
  8  9  7
 11 12 10
 14 15 13
  # 17 16
f=g+h=8+4=12
EST
  2  1  4
  5  6  3
  8  9  7
 11 12 10
 14 13  #
 17 15 16
f=g+h=7+5=12
OUEST
  2  1  4
  5  6  3
  8  9  7
 11 12 10
  # 14 13
 17 15 16
f=g+h=7+5=12
EST
  2  1  4
  5  6  3
  8  9  7
 11 10  #
 14 12 13
 17 15 16
f=g+h=6+6=12
OUEST
  2  1  4
  5  6  3
  8  9  7
  # 11 10
 14 12 13
 17 15 16
f=g+h=6+6=12
EST
  2  1  4
  5  6  3
  8  7  #
 11  9 10
 14 12 13
 17 15 16
f=g+h=5+7=12
OUEST
  2  1  4
  5  6  3
  #  8  7
 11  9 10
 14 12 13
 17 15 16
f=g+h=5+7=12
NORD
  2  #  4
  5  1  3
  8  6  7
 11  9 10
 14 12 13
 17 15 16
f=g+h=4+7=11
OUEST
  2  1  4
  3  5  #
  8  6  7
 11  9 10
 14 12 13
 17 15 16
f=g+h=3+8=11
NORD
  #  1  4
  2  5  3
  8  6  7
 11  9 10
 14 12 13
 17 15 16
f=g+h=3+9=12
SUD
  2  1  4
  8  5  3
 11  6  7
  #  9 10
 14 12 13
 17 15 16
f=g+h=2+10=12
OUEST
  2  1  4
  8  5  3
  7  6  #
 11  9 10
 14 12 13
 17 15 16
f=g+h=2+10=12
EST
  2  1  4
  8  5  3
  6  9  7
 11 12 10
 14 15 13
 17 16  #
f=g+h=4+7=11
OUEST
  2  1  4
  8  5  3
  6  9  7
 11 12 10
 14 15 13
  # 17 16
f=g+h=4+7=11
EST
  2  1  4
  8  5  3
  6  9  7
 11 12 10
 14 13  #
 17 15 16
f=g+h=3+8=11
OUEST
  2  1  4
  8  5  3
  6  9  7
 11 12 10
  # 14 13
 17 15 16
f=g+h=3+8=11
EST
  2  1  4
  8  5  3
  6  9  7
 11 10  #
 14 12 13
 17 15 16
f=g+h=2+9=11
OUEST
  2  1  4
  8  5  3
  6  9  7
  # 11 10
 14 12 13
 17 15 16
f=g+h=2+9=11
EST
  2  1  4
  8  5  3
  6  7  #
 11  9 10
 14 12 13
 17 15 16
f=g+h=1+10=11
Fin iteration 20

Iteration 21
*** LEAE - long : 37
SUD
  2  3  1
  5  #  4
  8  6  7
 11  9 10
 14 12 13
 17 15 16
f=g+h=7+4=11
OUEST
  #  2  1
  5  3  4
  8  6  7
 11  9 10
 14 12 13
 17 15 16
f=g+h=7+6=13
EST
  #  1  2
  5  3  4
  8  6  7
 11  9 10
 14 12 13
 17 15 16
f=g+h=6+7=13
EST
  2  1  4
  #  3  5
  8  6  7
 11  9 10
 14 12 13
 17 15 16
f=g+h=5+8=13
SUD
  2  1  4
  5  3  7
  8  6  #
 11  9 10
 14 12 13
 17 15 16
f=g+h=5+8=13
EST
  2  4  #
  8  1  3
  6  5  7
 11  9 10
 14 12 13
 17 15 16
f=g+h=3+9=12
OUEST
  #  2  4
  8  1  3
  6  5  7
 11  9 10
 14 12 13
 17 15 16
f=g+h=3+10=13
SUD
  2  1  4
  6  8  3
  #  5  7
 11  9 10
 14 12 13
 17 15 16
f=g+h=3+9=12
OUEST
  2  1  4
  3  8  #
  6  5  7
 11  9 10
 14 12 13
 17 15 16
f=g+h=3+9=12
NORD
  #  1  4
  2  8  3
  6  5  7
 11  9 10
 14 12 13
 17 15 16
f=g+h=3+10=13
EST
  2  3  1
  8  4  #
  6  5  7
 11  9 10
 14 12 13
 17 15 16
f=g+h=6+7=13
SUD
  2  3  1
  8  5  4
  6  #  7
 11  9 10
 14 12 13
 17 15 16
f=g+h=6+6=12
OUEST
  2  3  1
  #  8  4
  6  5  7
 11  9 10
 14 12 13
 17 15 16
f=g+h=6+6=12
OUEST
  #  2  1
  8  3  4
  6  5  7
 11  9 10
 14 12 13
 17 15 16
f=g+h=5+8=13
EST
  #  1  2
  8  3  4
  6  5  7
 11  9 10
 14 12 13
 17 15 16
f=g+h=4+9=13
EST
  2  1  4
  #  3  8
  6  5  7
 11  9 10
 14 12 13
 17 15 16
f=g+h=3+9=12
SUD
  2  1  4
  8  3  7
  6  5  #
 11  9 10
 14 12 13
 17 15 16
f=g+h=3+10=13
EST
  2  1  4
  5  6  3
  8  9  7
 11 12 10
 14 15 13
 17 16  #
f=g+h=8+4=12
OUEST
  2  1  4
  5  6  3
  8  9  7
 11 12 10
 14 15 13
  # 17 16
f=g+h=8+4=12
EST
  2  1  4
  5  6  3
  8  9  7
 11 12 10
 14 13  #
 17 15 16
f=g+h=7+5=12
OUEST
  2  1  4
  5  6  3
  8  9  7
 11 12 10
  # 14 13
 17 15 16
f=g+h=7+5=12
EST
  2  1  4
  5  6  3
  8  9  7
 11 10  #
 14 12 13
 17 15 16
f=g+h=6+6=12
OUEST
  2  1  4
  5  6  3
  8  9  7
  # 11 10
 14 12 13
 17 15 16
f=g+h=6+6=12
EST
  2  1  4
  5  6  3
  8  7  #
 11  9 10
 14 12 13
 17 15 16
f=g+h=5+7=12
OUEST
  2  1  4
  5  6  3
  #  8  7
 11  9 10
 14 12 13
 17 15 16
f=g+h=5+7=12
NORD
  2  #  4
  5  1  3
  8  6  7
 11  9 10
 14 12 13
 17 15 16
f=g+h=4+7=11
OUEST
  2  1  4
  3  5  #
  8  6  7
 11  9 10
 14 12 13
 17 15 16
f=g+h=3+8=11
NORD
  #  1  4
  2  5  3
  8  6  7
 11  9 10
 14 12 13
 17 15 16
f=g+h=3+9=12
SUD
  2  1  4
  8  5  3
 11  6  7
  #  9 10
 14 12 13
 17 15 16
f=g+h=2+10=12
OUEST
  2  1  4
  8  5  3
  7  6  #
 11  9 10
 14 12 13
 17 15 16
f=g+h=2+10=12
EST
  2  1  4
  8  5  3
  6  9  7
 11 12 10
 14 15 13
 17 16  #
f=g+h=4+7=11
OUEST
  2  1  4
  8  5  3
  6  9  7
 11 12 10
 14 15 13
  # 17 16
f=g+h=4+7=11
EST
  2  1  4
  8  5  3
  6  9  7
 11 12 10
 14 13  #
 17 15 16
f=g+h=3+8=11
OUEST
  2  1  4
  8  5  3
  6  9  7
 11 12 10
  # 14 13
 17 15 16
f=g+h=3+8=11
EST
  2  1  4
  8  5  3
  6  9  7
 11 10  #
 14 12 13
 17 15 16
f=g+h=2+9=11
OUEST
  2  1  4
  8  5  3
  6  9  7
  # 11 10
 14 12 13
 17 15 16
f=g+h=2+9=11
EST
  2  1  4
  8  5  3
  6  7  #
 11  9 10
 14 12 13
 17 15 16
f=g+h=1+10=11
Fin iteration 21

Iteration 22
*** LEAE - long : 39
EST
  2  3  1
  5  4  #
  8  6  7
 11  9 10
 14 12 13
 17 15 16
f=g+h=8+5=13
SUD
  2  3  1
  5  6  4
  8  #  7
 11  9 10
 14 12 13
 17 15 16
f=g+h=8+3=11
OUEST
  2  3  1
  #  5  4
  8  6  7
 11  9 10
 14 12 13
 17 15 16
f=g+h=8+5=13
OUEST
  #  2  1
  5  3  4
  8  6  7
 11  9 10
 14 12 13
 17 15 16
f=g+h=7+6=13
EST
  #  1  2
  5  3  4
  8  6  7
 11  9 10
 14 12 13
 17 15 16
f=g+h=6+7=13
EST
  2  1  4
  #  3  5
  8  6  7
 11  9 10
 14 12 13
 17 15 16
f=g+h=5+8=13
SUD
  2  1  4
  5  3  7
  8  6  #
 11  9 10
 14 12 13
 17 15 16
f=g+h=5+8=13
EST
  2  4  #
  8  1  3
  6  5  7
 11  9 10
 14 12 13
 17 15 16
f=g+h=3+9=12
OUEST
  #  2  4
  8  1  3
  6  5  7
 11  9 10
 14 12 13
 17 15 16
f=g+h=3+10=13
SUD
  2  1  4
  6  8  3
  #  5  7
 11  9 10
 14 12 13
 17 15 16
f=g+h=3+9=12
OUEST
  2  1  4
  3  8  #
  6  5  7
 11  9 10
 14 12 13
 17 15 16
f=g+h=3+9=12
NORD
  #  1  4
  2  8  3
  6  5  7
 11  9 10
 14 12 13
 17 15 16
f=g+h=3+10=13
EST
  2  3  1
  8  4  #
  6  5  7
 11  9 10
 14 12 13
 17 15 16
f=g+h=6+7=13
SUD
  2  3  1
  8  5  4
  6  #  7
 11  9 10
 14 12 13
 17 15 16
f=g+h=6+6=12
OUEST
  2  3  1
  #  8  4
  6  5  7
 11  9 10
 14 12 13
 17 15 16
f=g+h=6+6=12
OUEST
  #  2  1
  8  3  4
  6  5  7
 11  9 10
 14 12 13
 17 15 16
f=g+h=5+8=13
EST
  #  1  2
  8  3  4
  6  5  7
 11  9 10
 14 12 13
 17 15 16
f=g+h=4+9=13
EST
  2  1  4
  #  3  8
  6  5  7
 11  9 10
 14 12 13
 17 15 16
f=g+h=3+9=12
SUD
  2  1  4
  8  3  7
  6  5  #
 11  9 10
 14 12 13
 17 15 16
f=g+h=3+10=13
EST
  2  1  4
  5  6  3
  8  9  7
 11 12 10
 14 15 13
 17 16  #
f=g+h=8+4=12
OUEST
  2  1  4
  5  6  3
  8  9  7
 11 12 10
 14 15 13
  # 17 16
f=g+h=8+4=12
EST
  2  1  4
  5  6  3
  8  9  7
 11 12 10
 14 13  #
 17 15 16
f=g+h=7+5=12
OUEST
  2  1  4
  5  6  3
  8  9  7
 11 12 10
  # 14 13
 17 15 16
f=g+h=7+5=12
EST
  2  1  4
  5  6  3
  8  9  7
 11 10  #
 14 12 13
 17 15 16
f=g+h=6+6=12
OUEST
  2  1  4
  5  6  3
  8  9  7
  # 11 10
 14 12 13
 17 15 16
f=g+h=6+6=12
EST
  2  1  4
  5  6  3
  8  7  #
 11  9 10
 14 12 13
 17 15 16
f=g+h=5+7=12
OUEST
  2  1  4
  5  6  3
  #  8  7
 11  9 10
 14 12 13
 17 15 16
f=g+h=5+7=12
NORD
  2  #  4
  5  1  3
  8  6  7
 11  9 10
 14 12 13
 17 15 16
f=g+h=4+7=11
OUEST
  2  1  4
  3  5  #
  8  6  7
 11  9 10
 14 12 13
 17 15 16
f=g+h=3+8=11
NORD
  #  1  4
  2  5  3
  8  6  7
 11  9 10
 14 12 13
 17 15 16
f=g+h=3+9=12
SUD
  2  1  4
  8  5  3
 11  6  7
  #  9 10
 14 12 13
 17 15 16
f=g+h=2+10=12
OUEST
  2  1  4
  8  5  3
  7  6  #
 11  9 10
 14 12 13
 17 15 16
f=g+h=2+10=12
EST
  2  1  4
  8  5  3
  6  9  7
 11 12 10
 14 15 13
 17 16  #
f=g+h=4+7=11
OUEST
  2  1  4
  8  5  3
  6  9  7
 11 12 10
 14 15 13
  # 17 16
f=g+h=4+7=11
EST
  2  1  4
  8  5  3
  6  9  7
 11 12 10
 14 13  #
 17 15 16
f=g+h=3+8=11
OUEST
  2  1  4
  8  5  3
  6  9  7
 11 12 10
  # 14 13
 17 15 16
f=g+h=3+8=11
EST
  2  1  4
  8  5  3
  6  9  7
 11 10  #
 14 12 13
 17 15 16
f=g+h=2+9=11
OUEST
  2  1  4
  8  5  3
  6  9  7
  # 11 10
 14 12 13
 17 15 16
f=g+h=2+9=11
EST
  2  1  4
  8  5  3
  6  7  #
 11  9 10
 14 12 13
 17 15 16
f=g+h=1+10=11
Fin iteration 22

Iteration 23
*** LEAE - long : 41
EST
  2  3  1
  5  6  4
  8  7  #
 11  9 10
 14 12 13
 17 15 16
f=g+h=9+4=13
SUD
  2  3  1
  5  6  4
  8  9  7
 11  # 10
 14 12 13
 17 15 16
f=g+h=9+2=11
OUEST
  2  3  1
  5  6  4
  #  8  7
 11  9 10
 14 12 13
 17 15 16
f=g+h=9+4=13
EST
  2  3  1
  5  4  #
  8  6  7
 11  9 10
 14 12 13
 17 15 16
f=g+h=8+5=13
OUEST
  2  3  1
  #  5  4
  8  6  7
 11  9 10
 14 12 13
 17 15 16
f=g+h=8+5=13
OUEST
  #  2  1
  5  3  4
  8  6  7
 11  9 10
 14 12 13
 17 15 16
f=g+h=7+6=13
EST
  #  1  2
  5  3  4
  8  6  7
 11  9 10
 14 12 13
 17 15 16
f=g+h=6+7=13
EST
  2  1  4
  #  3  5
  8  6  7
 11  9 10
 14 12 13
 17 15 16
f=g+h=5+8=13
SUD
  2  1  4
  5  3  7
  8  6  #
 11  9 10
 14 12 13
 17 15 16
f=g+h=5+8=13
EST
  2  4  #
  8  1  3
  6  5  7
 11  9 10
 14 12 13
 17 15 16
f=g+h=3+9=12
OUEST
  #  2  4
  8  1  3
  6  5  7
 11  9 10
 14 12 13
 17 15 16
f=g+h=3+10=13
SUD
  2  1  4
  6  8  3
  #  5  7
 11  9 10
 14 12 13
 17 15 16
f=g+h=3+9=12
OUEST
  2  1  4
  3  8  #
  6  5  7
 11  9 10
 14 12 13
 17 15 16
f=g+h=3+9=12
NORD
  #  1  4
  2  8  3
  6  5  7
 11  9 10
 14 12 13
 17 15 16
f=g+h=3+10=13
EST
  2  3  1
  8  4  #
  6  5  7
 11  9 10
 14 12 13
 17 15 16
f=g+h=6+7=13
SUD
  2  3  1
  8  5  4
  6  #  7
 11  9 10
 14 12 13
 17 15 16
f=g+h=6+6=12
OUEST
  2  3  1
  #  8  4
  6  5  7
 11  9 10
 14 12 13
 17 15 16
f=g+h=6+6=12
OUEST
  #  2  1
  8  3  4
  6  5  7
 11  9 10
 14 12 13
 17 15 16
f=g+h=5+8=13
EST
  #  1  2
  8  3  4
  6  5  7
 11  9 10
 14 12 13
 17 15 16
f=g+h=4+9=13
EST
  2  1  4
  #  3  8
  6  5  7
 11  9 10
 14 12 13
 17 15 16
f=g+h=3+9=12
SUD
  2  1  4
  8  3  7
  6  5  #
 11  9 10
 14 12 13
 17 15 16
f=g+h=3+10=13
EST
  2  1  4
  5  6  3
  8  9  7
 11 12 10
 14 15 13
 17 16  #
f=g+h=8+4=12
OUEST
  2  1  4
  5  6  3
  8  9  7
 11 12 10
 14 15 13
  # 17 16
f=g+h=8+4=12
EST
  2  1  4
  5  6  3
  8  9  7
 11 12 10
 14 13  #
 17 15 16
f=g+h=7+5=12
OUEST
  2  1  4
  5  6  3
  8  9  7
 11 12 10
  # 14 13
 17 15 16
f=g+h=7+5=12
EST
  2  1  4
  5  6  3
  8  9  7
 11 10  #
 14 12 13
 17 15 16
f=g+h=6+6=12
OUEST
  2  1  4
  5  6  3
  8  9  7
  # 11 10
 14 12 13
 17 15 16
f=g+h=6+6=12
EST
  2  1  4
  5  6  3
  8  7  #
 11  9 10
 14 12 13
 17 15 16
f=g+h=5+7=12
OUEST
  2  1  4
  5  6  3
  #  8  7
 11  9 10
 14 12 13
 17 15 16
f=g+h=5+7=12
NORD
  2  #  4
  5  1  3
  8  6  7
 11  9 10
 14 12 13
 17 15 16
f=g+h=4+7=11
OUEST
  2  1  4
  3  5  #
  8  6  7
 11  9 10
 14 12 13
 17 15 16
f=g+h=3+8=11
NORD
  #  1  4
  2  5  3
  8  6  7
 11  9 10
 14 12 13
 17 15 16
f=g+h=3+9=12
SUD
  2  1  4
  8  5  3
 11  6  7
  #  9 10
 14 12 13
 17 15 16
f=g+h=2+10=12
OUEST
  2  1  4
  8  5  3
  7  6  #
 11  9 10
 14 12 13
 17 15 16
f=g+h=2+10=12
EST
  2  1  4
  8  5  3
  6  9  7
 11 12 10
 14 15 13
 17 16  #
f=g+h=4+7=11
OUEST
  2  1  4
  8  5  3
  6  9  7
 11 12 10
 14 15 13
  # 17 16
f=g+h=4+7=11
EST
  2  1  4
  8  5  3
  6  9  7
 11 12 10
 14 13  #
 17 15 16
f=g+h=3+8=11
OUEST
  2  1  4
  8  5  3
  6  9  7
 11 12 10
  # 14 13
 17 15 16
f=g+h=3+8=11
EST
  2  1  4
  8  5  3
  6  9  7
 11 10  #
 14 12 13
 17 15 16
f=g+h=2+9=11
OUEST
  2  1  4
  8  5  3
  6  9  7
  # 11 10
 14 12 13
 17 15 16
f=g+h=2+9=11
EST
  2  1  4
  8  5  3
  6  7  #
 11  9 10
 14 12 13
 17 15 16
f=g+h=1+10=11
Fin iteration 23

Iteration 24
*** LEAE - long : 43
EST
  2  3  1
  5  6  4
  8  9  7
 11 10  #
 14 12 13
 17 15 16
f=g+h=10+3=13
SUD
  2  3  1
  5  6  4
  8  9  7
 11 12 10
 14  # 13
 17 15 16
f=g+h=10+1=11
OUEST
  2  3  1
  5  6  4
  8  9  7
  # 11 10
 14 12 13
 17 15 16
f=g+h=10+3=13
EST
  2  3  1
  5  6  4
  8  7  #
 11  9 10
 14 12 13
 17 15 16
f=g+h=9+4=13
OUEST
  2  3  1
  5  6  4
  #  8  7
 11  9 10
 14 12 13
 17 15 16
f=g+h=9+4=13
EST
  2  3  1
  5  4  #
  8  6  7
 11  9 10
 14 12 13
 17 15 16
f=g+h=8+5=13
OUEST
  2  3  1
  #  5  4
  8  6  7
 11  9 10
 14 12 13
 17 15 16
f=g+h=8+5=13
OUEST
  #  2  1
  5  3  4
  8  6  7
 11  9 10
 14 12 13
 17 15 16
f=g+h=7+6=13
EST
  #  1  2
  5  3  4
  8  6  7
 11  9 10
 14 12 13
 17 15 16
f=g+h=6+7=13
EST
  2  1  4
  #  3  5
  8  6  7
 11  9 10
 14 12 13
 17 15 16
f=g+h=5+8=13
SUD
  2  1  4
  5  3  7
  8  6  #
 11  9 10
 14 12 13
 17 15 16
f=g+h=5+8=13
EST
  2  4  #
  8  1  3
  6  5  7
 11  9 10
 14 12 13
 17 15 16
f=g+h=3+9=12
OUEST
  #  2  4
  8  1  3
  6  5  7
 11  9 10
 14 12 13
 17 15 16
f=g+h=3+10=13
SUD
  2  1  4
  6  8  3
  #  5  7
 11  9 10
 14 12 13
 17 15 16
f=g+h=3+9=12
OUEST
  2  1  4
  3  8  #
  6  5  7
 11  9 10
 14 12 13
 17 15 16
f=g+h=3+9=12
NORD
  #  1  4
  2  8  3
  6  5  7
 11  9 10
 14 12 13
 17 15 16
f=g+h=3+10=13
EST
  2  3  1
  8  4  #
  6  5  7
 11  9 10
 14 12 13
 17 15 16
f=g+h=6+7=13
SUD
  2  3  1
  8  5  4
  6  #  7
 11  9 10
 14 12 13
 17 15 16
f=g+h=6+6=12
OUEST
  2  3  1
  #  8  4
  6  5  7
 11  9 10
 14 12 13
 17 15 16
f=g+h=6+6=12
OUEST
  #  2  1
  8  3  4
  6  5  7
 11  9 10
 14 12 13
 17 15 16
f=g+h=5+8=13
EST
  #  1  2
  8  3  4
  6  5  7
 11  9 10
 14 12 13
 17 15 16
f=g+h=4+9=13
EST
  2  1  4
  #  3  8
  6  5  7
 11  9 10
 14 12 13
 17 15 16
f=g+h=3+9=12
SUD
  2  1  4
  8  3  7
  6  5  #
 11  9 10
 14 12 13
 17 15 16
f=g+h=3+10=13
EST
  2  1  4
  5  6  3
  8  9  7
 11 12 10
 14 15 13
 17 16  #
f=g+h=8+4=12
OUEST
  2  1  4
  5  6  3
  8  9  7
 11 12 10
 14 15 13
  # 17 16
f=g+h=8+4=12
EST
  2  1  4
  5  6  3
  8  9  7
 11 12 10
 14 13  #
 17 15 16
f=g+h=7+5=12
OUEST
  2  1  4
  5  6  3
  8  9  7
 11 12 10
  # 14 13
 17 15 16
f=g+h=7+5=12
EST
  2  1  4
  5  6  3
  8  9  7
 11 10  #
 14 12 13
 17 15 16
f=g+h=6+6=12
OUEST
  2  1  4
  5  6  3
  8  9  7
  # 11 10
 14 12 13
 17 15 16
f=g+h=6+6=12
EST
  2  1  4
  5  6  3
  8  7  #
 11  9 10
 14 12 13
 17 15 16
f=g+h=5+7=12
OUEST
  2  1  4
  5  6  3
  #  8  7
 11  9 10
 14 12 13
 17 15 16
f=g+h=5+7=12
NORD
  2  #  4
  5  1  3
  8  6  7
 11  9 10
 14 12 13
 17 15 16
f=g+h=4+7=11
OUEST
  2  1  4
  3  5  #
  8  6  7
 11  9 10
 14 12 13
 17 15 16
f=g+h=3+8=11
NORD
  #  1  4
  2  5  3
  8  6  7
 11  9 10
 14 12 13
 17 15 16
f=g+h=3+9=12
SUD
  2  1  4
  8  5  3
 11  6  7
  #  9 10
 14 12 13
 17 15 16
f=g+h=2+10=12
OUEST
  2  1  4
  8  5  3
  7  6  #
 11  9 10
 14 12 13
 17 15 16
f=g+h=2+10=12
EST
  2  1  4
  8  5  3
  6  9  7
 11 12 10
 14 15 13
 17 16  #
f=g+h=4+7=11
OUEST
  2  1  4
  8  5  3
  6  9  7
 11 12 10
 14 15 13
  # 17 16
f=g+h=4+7=11
EST
  2  1  4
  8  5  3
  6  9  7
 11 12 10
 14 13  #
 17 15 16
f=g+h=3+8=11
OUEST
  2  1  4
  8  5  3
  6  9  7
 11 12 10
  # 14 13
 17 15 16
f=g+h=3+8=11
EST
  2  1  4
  8  5  3
  6  9  7
 11 10  #
 14 12 13
 17 15 16
f=g+h=2+9=11
OUEST
  2  1  4
  8  5  3
  6  9  7
  # 11 10
 14 12 13
 17 15 16
f=g+h=2+9=11
EST
  2  1  4
  8  5  3
  6  7  #
 11  9 10
 14 12 13
 17 15 16
f=g+h=1+10=11
Fin iteration 24

Iteration 25
*** LEAE - long : 45
EST
  2  3  1
  5  6  4
  8  9  7
 11 12 10
 14 13  #
 17 15 16
f=g+h=11+2=13
SUD
  2  3  1
  5  6  4
  8  9  7
 11 12 10
 14 15 13
 17  # 16
f=g+h=11+0=11
OUEST
  2  3  1
  5  6  4
  8  9  7
 11 12 10
  # 14 13
 17 15 16
f=g+h=11+2=13
EST
  2  3  1
  5  6  4
  8  9  7
 11 10  #
 14 12 13
 17 15 16
f=g+h=10+3=13
OUEST
  2  3  1
  5  6  4
  8  9  7
  # 11 10
 14 12 13
 17 15 16
f=g+h=10+3=13
EST
  2  3  1
  5  6  4
  8  7  #
 11  9 10
 14 12 13
 17 15 16
f=g+h=9+4=13
OUEST
  2  3  1
  5  6  4
  #  8  7
 11  9 10
 14 12 13
 17 15 16
f=g+h=9+4=13
EST
  2  3  1
  5  4  #
  8  6  7
 11  9 10
 14 12 13
 17 15 16
f=g+h=8+5=13
OUEST
  2  3  1
  #  5  4
  8  6  7
 11  9 10
 14 12 13
 17 15 16
f=g+h=8+5=13
OUEST
  #  2  1
  5  3  4
  8  6  7
 11  9 10
 14 12 13
 17 15 16
f=g+h=7+6=13
EST
  #  1  2
  5  3  4
  8  6  7
 11  9 10
 14 12 13
 17 15 16
f=g+h=6+7=13
EST
  2  1  4
  #  3  5
  8  6  7
 11  9 10
 14 12 13
 17 15 16
f=g+h=5+8=13
SUD
  2  1  4
  5  3  7
  8  6  #
 11  9 10
 14 12 13
 17 15 16
f=g+h=5+8=13
EST
  2  4  #
  8  1  3
  6  5  7
 11  9 10
 14 12 13
 17 15 16
f=g+h=3+9=12
OUEST
  #  2  4
  8  1  3
  6  5  7
 11  9 10
 14 12 13
 17 15 16
f=g+h=3+10=13
SUD
  2  1  4
  6  8  3
  #  5  7
 11  9 10
 14 12 13
 17 15 16
f=g+h=3+9=12
OUEST
  2  1  4
  3  8  #
  6  5  7
 11  9 10
 14 12 13
 17 15 16
f=g+h=3+9=12
NORD
  #  1  4
  2  8  3
  6  5  7
 11  9 10
 14 12 13
 17 15 16
f=g+h=3+10=13
EST
  2  3  1
  8  4  #
  6  5  7
 11  9 10
 14 12 13
 17 15 16
f=g+h=6+7=13
SUD
  2  3  1
  8  5  4
  6  #  7
 11  9 10
 14 12 13
 17 15 16
f=g+h=6+6=12
OUEST
  2  3  1
  #  8  4
  6  5  7
 11  9 10
 14 12 13
 17 15 16
f=g+h=6+6=12
OUEST
  #  2  1
  8  3  4
  6  5  7
 11  9 10
 14 12 13
 17 15 16
f=g+h=5+8=13
EST
  #  1  2
  8  3  4
  6  5  7
 11  9 10
 14 12 13
 17 15 16
f=g+h=4+9=13
EST
  2  1  4
  #  3  8
  6  5  7
 11  9 10
 14 12 13
 17 15 16
f=g+h=3+9=12
SUD
  2  1  4
  8  3  7
  6  5  #
 11  9 10
 14 12 13
 17 15 16
f=g+h=3+10=13
EST
  2  1  4
  5  6  3
  8  9  7
 11 12 10
 14 15 13
 17 16  #
f=g+h=8+4=12
OUEST
  2  1  4
  5  6  3
  8  9  7
 11 12 10
 14 15 13
  # 17 16
f=g+h=8+4=12
EST
  2  1  4
  5  6  3
  8  9  7
 11 12 10
 14 13  #
 17 15 16
f=g+h=7+5=12
OUEST
  2  1  4
  5  6  3
  8  9  7
 11 12 10
  # 14 13
 17 15 16
f=g+h=7+5=12
EST
  2  1  4
  5  6  3
  8  9  7
 11 10  #
 14 12 13
 17 15 16
f=g+h=6+6=12
OUEST
  2  1  4
  5  6  3
  8  9  7
  # 11 10
 14 12 13
 17 15 16
f=g+h=6+6=12
EST
  2  1  4
  5  6  3
  8  7  #
 11  9 10
 14 12 13
 17 15 16
f=g+h=5+7=12
OUEST
  2  1  4
  5  6  3
  #  8  7
 11  9 10
 14 12 13
 17 15 16
f=g+h=5+7=12
NORD
  2  #  4
  5  1  3
  8  6  7
 11  9 10
 14 12 13
 17 15 16
f=g+h=4+7=11
OUEST
  2  1  4
  3  5  #
  8  6  7
 11  9 10
 14 12 13
 17 15 16
f=g+h=3+8=11
NORD
  #  1  4
  2  5  3
  8  6  7
 11  9 10
 14 12 13
 17 15 16
f=g+h=3+9=12
SUD
  2  1  4
  8  5  3
 11  6  7
  #  9 10
 14 12 13
 17 15 16
f=g+h=2+10=12
OUEST
  2  1  4
  8  5  3
  7  6  #
 11  9 10
 14 12 13
 17 15 16
f=g+h=2+10=12
EST
  2  1  4
  8  5  3
  6  9  7
 11 12 10
 14 15 13
 17 16  #
f=g+h=4+7=11
OUEST
  2  1  4
  8  5  3
  6  9  7
 11 12 10
 14 15 13
  # 17 16
f=g+h=4+7=11
EST
  2  1  4
  8  5  3
  6  9  7
 11 12 10
 14 13  #
 17 15 16
f=g+h=3+8=11
OUEST
  2  1  4
  8  5  3
  6  9  7
 11 12 10
  # 14 13
 17 15 16
f=g+h=3+8=11
EST
  2  1  4
  8  5  3
  6  9  7
 11 10  #
 14 12 13
 17 15 16
f=g+h=2+9=11
OUEST
  2  1  4
  8  5  3
  6  9  7
  # 11 10
 14 12 13
 17 15 16
f=g+h=2+9=11
EST
  2  1  4
  8  5  3
  6  7  #
 11  9 10
 14 12 13
 17 15 16
f=g+h=1+10=11
Fin iteration 25

